	Richness	Normalized.Richness	Effective.Richness	Shannon.Index	Shannon.Effective	Simpson.Index	Simpson.Effective	Evenness
AA1	35	35	14	1.74287740457664	5.71	0.26983904	3.71	0.339789674077042
AA10	51	51	19	1.68718205255195	5.4	0.36239016	2.76	0.297435744119561
AA11	60	60	23	2.55894491571039	12.92	0.13454192	7.43	0.433213528216154
AA12	41	41	24	2.57374341910724	13.11	0.11540912	8.66	0.480395415086729
AA2	44	44	20	2.3162057284046	10.14	0.15191984	6.58	0.424257668233737
AA3	74	74	23	2.54447362694814	12.74	0.11182472	8.94	0.409774174492156
AA4	73	73	27	2.68990611695229	14.73	0.10275192	9.73	0.434569040102002
AA5	55	55	17	2.15271492881601	8.61	0.19078736	5.24	0.372354434853801
AA6	46	46	23	2.24880407564096	9.48	0.17773768	5.63	0.407129329503577
AA7	57	57	23	2.33671547107762	10.35	0.14891568	6.72	0.400610240447373
AA8	58	58	19	2.27736626532639	9.75	0.16699424	5.99	0.388762999951793
AA9	43	43	18	2.62439571597983	13.8	0.0869536	11.5	0.483646824218386
AB9	25	25	14	1.6037157065772	4.97	0.38028464	2.63	0.345341380318454
AC1	54	54	33	2.78908547778515	16.27	0.10983632	9.1	0.484646394345091
AC10	91	91	37	3.08542020459302	21.88	0.0764096	13.09	0.474111488634622
AC11	91	91	46	3.26052459903695	26.06	0.06730216	14.86	0.501018360182521
AC12	64	64	23	2.6878385734415	14.7	0.09816264	10.19	0.447973095573583
AC2	76	76	18	1.74909687970681	5.75	0.38240816	2.62	0.279948331017494
AC3	98	98	36	3.0608583066202	21.35	0.07929064	12.61	0.4627350826799
AC4	89	89	43	3.24064499587615	25.55	0.07275656	13.74	0.500429029456288
AC5	58	58	28	2.22132690958884	9.22	0.19131288	5.23	0.379196673979729
AC6	102	102	46	3.20233466731997	24.59	0.0714424	14	0.479935631078007
AC7	55	55	18	1.79769786759641	6.04	0.28821152	3.47	0.310947243671926
AC8	75	75	28	2.75519907154629	15.72	0.1070532	9.34	0.442330915130064
AC9	69	69	20	1.55544581534739	4.74	0.481858	2.08	0.254635276710962
AD1	105	105	66	3.79297359237332	44.39	0.04954256	20.18	0.564914342556208
AD11	84	84	45	3.14624337537353	23.25	0.0797452	12.54	0.492191355229329
AD12	69	69	39	2.34321995118258	10.41	0.27256808	3.67	0.38359835796065
AD2	63	63	40	2.85257277921767	17.33	0.1041196	9.6	0.477235936032152
AD3	85	85	48	3.32244270446696	27.73	0.07823512	12.78	0.518371049226257
AD9	102	102	61	3.8465604783976	46.83	0.03476704	28.76	0.576486102317491
AE1	104	104	56	3.55881387548169	35.12	0.04789504	20.88	0.531131392145262
AE10	103	103	41	2.77445150512035	16.03	0.16834072	5.94	0.414933266488372
AE11	64	64	21	1.92241464145707	6.84	0.25658264	3.9	0.320402440242846
AE12	35	35	15	1.94023803409801	6.96	0.25961328	3.85	0.37826690936887
AE2	73	73	39	2.5923260425667	13.36	0.21414816	4.67	0.418804445571516
AE3	69	69	52	3.61393159252454	37.11	0.03903408	25.62	0.591621040088401
AE4	99	99	30	2.85996479673738	17.46	0.09307528	10.74	0.431409103573468
AE6	46	46	22	2.05511112050901	7.81	0.23391824	4.27	0.372062653928489
AE8	32	32	14	1.14480416204913	3.14	0.55905888	1.79	0.228960832409826
AF1	52	52	23	1.76077321101872	5.82	0.37270944	2.68	0.308883752496361
AF10	56	56	23	2.41559313486578	11.2	0.13763576	7.27	0.415954107728258
AF11	64	64	23	1.89698358152345	6.67	0.37505728	2.67	0.316163930253908
AF12	79	79	37	2.79997528259715	16.44	0.13167024	7.59	0.444173963919483
AF2	38	38	22	1.85545024122366	6.39	0.33789032	2.96	0.353558664152766
AF3	54	54	20	1.78982329458074	5.99	0.29149712	3.43	0.311009258462113
AF4	50	50	22	1.84260859651562	6.31	0.37474264	2.67	0.326480430145257
AF5	67	67	25	2.15928497241803	8.66	0.28639664	3.49	0.355959977610399
AF7	44	44	17	1.65263049939998	5.22	0.33444728	2.99	0.302711090612118
AF8	82	82	33	2.73152714504178	15.36	0.17235896	5.8	0.429650774867058
AF9	48	48	20	1.42603998971575	4.16	0.51128704	1.96	0.255335642724838
AG1	90	90	56	3.74527155883191	42.32	0.03569144	28.02	0.576918716929899
AG10	49	49	6	0.446008922141014	1.56	0.875282	1.14	0.0794357917904657
AG2	79	79	36	2.92499653901104	18.63	0.08910992	11.22	0.464006705794277
AG3	79	79	50	3.21770342737312	24.97	0.08173456	12.23	0.510440251003908
AG5	92	92	28	1.5078825749834	4.52	0.56550688	1.77	0.231144056750064
AG6	64	64	18	2.52265185976324	12.46	0.1151436	8.68	0.420441976627206
AG7	108	108	46	2.95477567243858	19.2	0.17282752	5.79	0.437427813785531
AG8	93	93	41	3.21493718046905	24.9	0.07064648	14.15	0.491643844925108
AH1	106	106	42	2.5490077434986	12.79	0.26914272	3.72	0.378870077420392
AH10	194	194	38	2.9100221202783	18.36	0.21050368	4.75	0.382902038576648
AH11	110	110	52	3.0450886706258	21.01	0.15854136	6.31	0.449038068951381
AH12	118	118	49	3.38508803970842	29.52	0.0784376	12.75	0.491829667096028
AH2	70	70	21	1.46153349962293	4.31	0.52283888	1.91	0.23845097307179
AH3	79	79	19	1.60274844332785	4.97	0.41778352	2.39	0.254251933459349
AH4	91	91	37	2.26696640283458	9.65	0.32607144	3.07	0.34834633361531
AH5	90	90	28	2.72653582158703	15.28	0.1167544	8.56	0.419993456587695
AH6	103	103	30	2.42137263823482	11.26	0.243582	4.11	0.362128534708252
AH7	92	92	30	2.05099178482593	7.78	0.35959368	2.78	0.314397532918595
AH8	41	41	14	1.23931731487715	3.45	0.52476416	1.91	0.231321565111993
AH9	119	119	32	2.60717108406995	13.56	0.22001616	4.55	0.37813487949522
AI1	44	44	17	1.2724519171641	3.57	0.49835784	2.01	0.233074064490565
AI10	57	57	8	1.09875455888449	3	0.5342568	1.87	0.188372240213041
AI12	77	77	15	1.4546635918552	4.28	0.4577732	2.18	0.232122728675851
AI2	119	119	32	2.60298204198411	13.5	0.21289464	4.7	0.377527315636443
AI3	51	51	11	1.17321080119208	3.23	0.51061744	1.96	0.206827014982681
AI4	65	65	19	1.72900125266499	5.64	0.39579536	2.53	0.28709658830943
AI5	45	45	17	1.27781931278997	3.59	0.50870496	1.97	0.232675435845864
AI6	63	63	13	1.33561105528108	3.8	0.5090292	1.96	0.223447968369371
AI7	55	55	26	1.65174894432161	5.22	0.42537088	2.35	0.285702503592291
AI8	39	39	18	1.42171623096513	4.14	0.45142552	2.22	0.268989222029572
AI9	57	57	16	1.2791161500595	3.59	0.52126024	1.92	0.219293720086142
AJ1	109	109	35	2.89130462134957	18.02	0.1075796	9.3	0.427190585038457
AJ10	184	184	47	3.90600827488116	49.7	0.03702768	27.01	0.519170081630888
AJ11	130	130	54	3.73823798084066	42.02	0.0474992	21.05	0.532332979469572
AJ12	156	156	53	3.76324345559662	43.09	0.0538268	18.58	0.516545736603726
AJ2	89	89	24	1.73226493283397	5.65	0.3923628	2.55	0.267500963605208
AJ3	107	107	46	3.46049626280222	31.83	0.06630088	15.08	0.51331502027418
AJ4	162	162	52	3.77502528967109	43.6	0.04758392	21.02	0.51431913297785
AJ5	123	123	51	3.79713474451188	44.57	0.0356472	28.05	0.546939403812789
AJ6	153	153	52	3.72556394135107	41.49	0.0568168	17.6	0.513347780510626
AJ7	89	89	41	3.29723344795172	27.04	0.07247872	13.8	0.50916756890959
AJ8	113	113	47	3.57433919386703	35.67	0.04813528	20.77	0.524082903625343
AJ9	107	107	45	3.58393313783476	36.01	0.04454976	22.45	0.531625111428158
AK1	83	83	31	2.8856357279792	17.91	0.0942648	10.61	0.452645941888632
AK10	108	108	61	3.68703757359465	39.93	0.04530456	22.07	0.545832565296425
AK11	114	114	36	1.92146013188045	6.83	0.45815712	2.18	0.281207531205276
AK12	111	111	35	1.94029191176214	6.96	0.45640944	2.19	0.285571556102651
AK2	131	131	71	4.08636924684625	59.52	0.0293636	34.06	0.580992959751319
AK4	82	82	44	2.79629509700855	16.38	0.16035768	6.24	0.439838336356091
AK6	108	108	57	3.63526706303927	37.91	0.05891176	16.97	0.538168409447968
AK7	106	106	32	2.72612202494877	15.27	0.13016344	7.68	0.405195341318249
AL1	89	89	22	2.28435981231378	9.82	0.19591488	5.1	0.352756925013338
AL10	77	77	10	0.643220772995397	1.9	0.83123984	1.2	0.102639649335187
AL11	401	401	87	4.96386429173067	143.15	0.01520056	65.79	0.574025805841964
AL12	118	118	74	4.01664084945671	55.51	0.02827296	35.37	0.583589882643869
AL2	148	148	64	3.77939174031597	43.79	0.05058816	19.77	0.524227226204723
AL3	149	149	51	2.99455666100262	19.98	0.16237632	6.16	0.414806310798091
AL4	213	213	44	3.34687847956992	28.41	0.09578672	10.44	0.432709001876168
AL5	161	161	61	3.70162131449574	40.51	0.08313816	12.03	0.504932926677479
AL6	174	174	67	3.56060820255924	35.18	0.1019824	9.81	0.478387106464688
AL7	121	121	24	1.71528738012317	5.56	0.46411352	2.15	0.247914624310284
AL8	87	87	22	2.26731102296318	9.65	0.22934848	4.36	0.351906085227046
AL9	114	114	32	2.83316228637765	17	0.13863	7.21	0.414636014995769
AM10	59	59	18	0.818316252217111	2.27	0.767972	1.3	0.139106902348237
AM11	82	82	61	3.74594507322443	42.35	0.03616952	27.65	0.589211864960507
AM12	83	83	47	2.45086600291423	11.6	0.2856148	3.5	0.38444719115979
AM2	86	86	49	3.34595124152405	28.39	0.07280336	13.74	0.520668128258459
AM5	94	94	30	1.91780586046263	6.81	0.408868	2.45	0.292589802939626
AM7	94	94	27	1.62267771523734	5.07	0.51783448	1.93	0.247563615652569
AM9	129	129	63	3.72136291772205	41.32	0.05674728	17.62	0.530771972174136
AN1	135	135	57	3.32590497722592	27.82	0.11931176	8.38	0.469971971378193
AN10	94	94	27	1.92269416858444	6.84	0.3696284	2.71	0.293335587035688
AN11	135	135	69	4.00703569771483	54.98	0.02993808	33.4	0.566220165378438
AN12	172	172	59	3.69445048085075	40.22	0.05813512	17.2	0.497484348172684
AN2	141	141	37	3.07935734919037	21.74	0.10790264	9.27	0.431309643589264
AN3	126	126	64	3.84851222920059	46.92	0.04513968	22.15	0.551577731063728
AN4	88	88	19	1.59627649426592	4.93	0.48423696	2.07	0.247123367582406
AN5	136	136	51	3.14792684987668	23.29	0.14554264	6.87	0.444154265127877
AN6	133	133	56	3.68288849525132	39.76	0.04739272	21.1	0.52200440293071
AN7	179	179	54	3.41921729912889	30.55	0.12978368	7.71	0.456881542904414
AN8	73	73	25	2.40321402563417	11.06	0.16267464	6.15	0.388252365276893
AN9	110	110	30	2.68776799887719	14.7	0.15670928	6.38	0.396346472156128
AO1	211	211	69	4.24641043038553	69.85	0.02751184	36.35	0.549974858061181
AO10	131	131	41	2.77710163531402	16.07	0.2138612	4.68	0.39484353986771
AO11	138	138	50	3.66654272634057	39.12	0.04874624	20.51	0.515795190497576
AO12	152	152	75	4.20619552310488	67.1	0.02395488	41.75	0.580330793223739
AO2	147	147	57	3.36722198004791	29	0.11304296	8.85	0.467691002975003
AO3	194	194	60	3.97499950602285	53.25	0.04211144	23.75	0.523032248996018
AO4	241	241	69	4.44195192390649	84.94	0.02131128	46.92	0.561356507738402
AO5	183	183	69	4.19654348157791	66.46	0.02800968	35.7	0.558370287780951
AO6	147	147	39	2.80200848593347	16.48	0.20726272	4.82	0.389185556193135
AO7	120	120	43	2.57049466160111	13.07	0.2844872	3.52	0.372163801644036
AO8	147	147	55	3.76542915020149	43.18	0.04400424	22.73	0.523000071371591
AO9	151	151	64	3.96471096739575	52.71	0.0354724	28.19	0.547732699424242
AP11	50	50	14	1.37382915131062	3.95	0.4882836	2.05	0.243420297242808
AP4	53	53	27	2.48170069800586	11.96	0.12975848	7.71	0.43326382021049
AP7	60	60	22	1.31309206014088	3.72	0.59218488	1.69	0.222298354588978
AQ1	115	115	25	2.88720893449037	17.94	0.0938916	10.65	0.421768041879203
AQ10	80	80	20	2.18523468287008	8.89	0.25155888	3.98	0.345659528243815
AQ11	133	133	57	3.612535868919	37.06	0.05668736	17.64	0.51203277855203
AQ12	102	102	29	2.47800891606342	11.92	0.20850784	4.8	0.37138053841922
AQ2	103	103	36	2.80531580876523	16.53	0.12407376	8.06	0.419549179329387
AQ3	87	87	30	2.54009850114736	12.68	0.14209296	7.04	0.394245037657707
AQ4	73	73	21	2.15804902615136	8.65	0.20399336	4.9	0.348644619184787
AQ5	81	81	22	2.544087722844	12.73	0.12662352	7.9	0.401285160009535
AQ6	83	83	29	2.29863691345082	9.96	0.22829448	4.38	0.360568266001323
AQ7	126	126	54	3.63618788041071	37.95	0.04574968	21.86	0.52114691115714
AQ8	88	88	23	2.40307203944738	11.06	0.15095856	6.62	0.37202530831255
AQ9	159	159	32	2.75119432863974	15.66	0.15171152	6.59	0.376212000856886
AR1	112	112	37	3.13194872490845	22.92	0.08096048	12.35	0.460083066149544
AR10	128	128	59	3.87617073020341	48.24	0.03282928	30.46	0.553738675743344
AR11	92	92	25	2.28676140392792	9.84	0.2401456	4.16	0.350538773040196
AR12	87	87	25	2.20360364594473	9.06	0.23115944	4.33	0.342018154802155
AR2	110	110	31	2.75473077282531	15.72	0.11340104	8.82	0.40622100717225
AR3	86	86	27	2.38310484940479	10.84	0.17539744	5.7	0.370838261473911
AR4	67	67	18	2.01654498381904	7.51	0.21342784	4.69	0.332429168201343
AR5	88	88	32	2.56937921484483	13.06	0.16199912	6.17	0.397771718401885
AR6	79	79	26	2.59553415321062	13.4	0.13643368	7.33	0.411742453758593
AR7	119	119	55	3.66232502001125	38.95	0.04354456	22.96	0.531170677128117
AR8	140	140	68	3.93930828824581	51.38	0.034388	29.08	0.552553220132069
AR9	75	75	30	2.39337326449282	10.95	0.21717064	4.6	0.384241921850237
AS1	205	205	67	3.8626511234859	47.59	0.07387696	13.54	0.502983414689056
AS10	146	146	48	3.19678280958065	24.45	0.11557008	8.65	0.444625982651045
AS11	117	117	44	3.26762882377382	26.25	0.082922	12.06	0.475612133728464
AS12	155	155	59	3.84336468866326	46.68	0.04218488	23.71	0.52821591201455
AS2	112	112	37	2.88964929962766	17.99	0.13698368	7.3	0.424489296167655
AS3	103	103	25	2.33579396151758	10.34	0.20847944	4.8	0.349329810417522
AS4	173	173	53	3.75790475437746	42.86	0.04742752	21.08	0.505459673209779
AS5	143	143	53	3.37047502124797	29.09	0.11891544	8.41	0.470745193972233
AS6	156	156	68	3.91577768137068	50.19	0.04933592	20.27	0.537482703594943
AS7	135	135	42	2.60025783832924	13.47	0.27067704	3.69	0.367433318371735
AS8	135	135	50	3.42372261232155	30.68	0.06495536	15.4	0.483794238435199
AS9	141	141	40	3.09453209796293	22.08	0.1133052	8.83	0.433435092097658
AT1	59	59	21	1.84244399120401	6.31	0.35071152	2.85	0.313200031982882
AT10	130	130	57	3.70192808152505	40.53	0.0433096	23.09	0.527162373160936
AT12	87	87	41	3.04135782982803	20.93	0.09698864	10.31	0.472044777637366
AT4	91	91	45	3.23874464087047	25.5	0.0767568	13.03	0.497671610727346
AT5	84	84	17	1.9404155209073	6.96	0.29491872	3.39	0.303554312555366
AT6	92	92	27	1.83218346673404	6.25	0.3851192	2.6	0.28085629891702
AT7	70	70	29	2.83820800509035	17.09	0.09513696	10.51	0.463057097745994
AU1	124	124	30	2.51963101101323	12.42	0.18643608	5.36	0.362318073657179
AU10	112	112	29	2.43797777749939	11.45	0.23507184	4.25	0.358138778631874
AU11	90	90	29	2.71009843256434	15.03	0.14306856	6.99	0.417461453971681
AU12	135	135	39	2.87322141267673	17.69	0.14605432	6.85	0.406004844025342
AU2	82	82	22	2.04901526521599	7.76	0.2394152	4.18	0.322296264934616
AU3	116	116	48	3.20694633922699	24.7	0.09048536	11.05	0.467622517692226
AU4	119	119	37	2.72839334399694	15.31	0.15564392	6.42	0.395716527638569
AU5	113	113	33	2.85120293225513	17.31	0.12366968	8.09	0.418053975997934
AU6	199	199	53	3.49273054640746	32.88	0.08567608	11.67	0.457365749916723
AU7	68	68	24	2.28749902790797	9.85	0.21813472	4.58	0.375772154600639
AU8	179	179	42	3.21463421564508	24.89	0.09883008	10.12	0.429544808600326
AU9	74	74	18	2.05598825367217	7.81	0.2033216	4.92	0.331106159046566
AV1	126	126	45	3.46705532456558	32.04	0.05554424	18	0.496906439555093
AV10	123	123	65	3.84291176422459	46.66	0.03601664	27.76	0.553533127121181
AV11	51	51	22	1.42344415663182	4.15	0.54114744	1.85	0.250941012145096
AV2	109	109	46	3.43934717616504	31.17	0.06436488	15.54	0.508163934539179
AV3	95	95	32	2.54051864329984	12.69	0.17097032	5.85	0.386693223528128
AV4	100	100	52	3.31854475419153	27.62	0.07595976	13.16	0.499490756482502
AV5	93	93	32	2.43237576140481	11.39	0.21866408	4.57	0.371970742975832
AV7	147	147	51	3.56754225987328	35.43	0.052494	19.05	0.495514530245524
AV8	116	116	57	3.71621654136116	41.11	0.04261792	23.46	0.541882012213425
AV9	82	82	32	1.76015515233589	5.81	0.4793252	2.09	0.276860519749948
AW1	56	56	14	1.68476430587167	5.39	0.30879152	3.24	0.290108720490385
AW10	70	70	24	2.4427356387593	11.5	0.13875552	7.21	0.39853529882796
AW11	84	84	41	2.80870720235365	16.59	0.13863624	7.21	0.439387942836651
AW12	111	111	39	3.0661900219351	21.46	0.09112496	10.97	0.451280887459458
AW2	97	97	36	3.08950913435968	21.97	0.08698536	11.5	0.468113626381747
AW3	62	62	14	1.62762618164125	5.09	0.35121448	2.85	0.27335782980516
AW4	79	79	30	2.55127143080098	12.82	0.16117056	6.2	0.404720838607648
AW5	58	58	18	2.07840822891027	7.99	0.2463484	4.06	0.354799414787962
AW6	100	100	36	2.54946832185054	12.8	0.26338272	3.8	0.383733218936063
AW8	73	73	32	2.89672600365996	18.11	0.0899456	11.12	0.467981923575568
AX1	131	131	40	2.79892207544011	16.43	0.20947312	4.77	0.397945932560616
AX10	134	134	52	3.62966366379597	37.7	0.04480296	22.32	0.513673627088879
AX11	90	90	20	1.71809077072306	5.57	0.39890736	2.51	0.264653365568981
AX12	154	154	53	3.77975958012391	43.81	0.03809384	26.25	0.520141820453483
AX2	127	127	38	2.74656213446422	15.59	0.20194568	4.95	0.393001295317097
AX3	164	164	54	3.82338284519312	45.76	0.03999304	25	0.519654206017615
AX4	95	95	25	1.93698149794321	6.94	0.33068536	3.02	0.294828625379073
AX6	151	151	47	3.289968034816	26.84	0.11783848	8.49	0.454515622336251
AX7	131	131	53	3.69948737107391	40.43	0.04595304	21.76	0.525986759258647
AX8	130	130	37	2.51946712189798	12.42	0.26191952	3.82	0.358777436468603
AX9	180	180	43	3.23801086728498	25.48	0.10903832	9.17	0.432204265840625
AY1	151	151	26	2.10373884266393	8.2	0.36404608	2.75	0.290635701984811
AY11	122	122	25	1.89883696220084	6.68	0.41480712	2.41	0.273973297459942
AY12	217	217	46	3.05725007480666	21.27	0.18458016	5.42	0.393896784708047
AY2	142	142	54	3.70539494739456	40.67	0.05197848	19.24	0.518255385185045
AY3	91	91	29	2.46432160254245	11.76	0.170026	5.88	0.378672305871534
AY4	172	172	58	3.69123382602513	40.09	0.05356192	18.67	0.497051202448437
AY5	146	146	31	2.28981911015878	9.87	0.30250488	3.31	0.318480526389294
AY6	181	181	66	3.97854830715825	53.44	0.03678376	27.19	0.530484008212808
AY7	174	174	57	3.8349381261099	46.29	0.04089544	24.45	0.515244825954788
AY8	217	217	31	2.03668200158801	7.67	0.45841008	2.18	0.262406565465208
AY9	214	214	51	3.54876905505099	34.77	0.07373688	13.56	0.458410409975893
AZ1	83	83	12	2.10643226399683	8.22	0.18498472	5.41	0.330418703551734
AZ10	78	78	18	1.43481154998307	4.2	0.48625672	2.06	0.228276807119401
AZ11	66	66	19	1.89676690789563	6.66	0.28941608	3.46	0.313805961431409
AZ12	93	93	18	1.56591765297934	4.79	0.48562552	2.06	0.239467750854946
AZ2	142	142	34	2.63589785664807	13.96	0.19292032	5.18	0.368670081974966
AZ3	82	82	26	1.42528007683116	4.16	0.57071728	1.75	0.224186931667385
AZ4	100	100	38	2.52103323720466	12.44	0.26283872	3.8	0.379453312232235
AZ5	143	143	39	2.56103925119112	12.95	0.27343664	3.66	0.357693473908635
AZ6	108	108	27	2.2969892960391	9.94	0.23249464	4.3	0.340048490119697
AZ7	108	108	37	2.66543709656987	14.37	0.16002304	6.25	0.394593854555858
AZ8	81	81	20	2.4655619378485	11.77	0.1417408	7.06	0.38889909646548
AZ9	78	78	20	1.90378792576253	6.71	0.32930544	3.04	0.302890389424775
BA1	68	68	14	0.972367577642083	2.64	0.70362416	1.42	0.159732815295898
BA10	98	98	23	2.36275099077513	10.62	0.18521296	5.4	0.357196467639038
BA11	100	100	22	2.27280663422294	9.71	0.22897	4.37	0.3420914856226
BA12	95	95	17	1.68881764422989	5.41	0.36388128	2.75	0.257055519163675
BA2	90	90	22	1.33614370622628	3.8	0.5921936	1.69	0.205818536926182
BA3	101	101	23	2.45126273694016	11.6	0.17710488	5.65	0.368156334969263
BA4	79	79	20	1.97174270838432	7.18	0.2741628	3.65	0.312787323536673
BA5	120	120	17	1.43076587523874	4.18	0.54895808	1.82	0.207150505054827
BA6	101	101	25	2.05082728638452	7.77	0.28569	3.5	0.308014741150416
BA7	118	118	36	2.30641383601635	10.04	0.327122	3.06	0.335105833540242
BA8	135	135	36	2.32330081983159	10.21	0.33629872	2.97	0.328297493126682
BA9	83	83	12	0.9233556838049	2.52	0.71233128	1.4	0.144839211388189
BB1	50	50	12	1.59878892421605	4.95	0.309346	3.23	0.283279529183019
BB11	59	59	39	3.12616703304964	22.79	0.06720496	14.88	0.531422186730974
BB2	84	84	17	2.30550617541034	10.03	0.14779344	6.77	0.360668287090182
BB3	82	82	35	2.82520642641894	16.86	0.14057032	7.11	0.444385893244244
BB4	54	54	20	2.30052335890139	9.98	0.1612392	6.2	0.399751230243258
BB5	104	104	52	3.5397435882637	34.46	0.050302	19.88	0.528285267410142
BB6	85	85	42	3.24799884232659	25.74	0.07092584	14.1	0.506756238570748
BB7	56	56	12	1.66436852389192	5.28	0.2924004	3.42	0.286596659964811
BB9	59	59	25	2.34983515866239	10.48	0.15485944	6.46	0.399452276628837
BC1	53	53	20	2.38499322407854	10.86	0.16301144	6.13	0.416380297700978
BC10	64	64	17	1.14458324820221	3.14	0.6436796	1.55	0.190763874700369
BC11	49	49	23	1.67585682919762	5.34	0.37417656	2.67	0.298476123562127
BC3	54	54	17	1.05940352624297	2.88	0.67228552	1.49	0.184087616976822
BC4	74	74	25	2.63855147519654	13.99	0.12040768	8.31	0.424924920090656
BC6	68	68	14	1.01372724399118	2.76	0.67296656	1.49	0.166527052472811
BC9	71	71	29	2.13091083470211	8.42	0.32327088	3.09	0.34650381443225
BD1	56	56	15	1.30190925888899	3.68	0.54026848	1.85	0.224182829594943
BD10	37	37	10	0.916595994894423	2.5	0.67367712	1.48	0.175948593943073
BD11	48	48	11	0.904296067568736	2.47	0.68622096	1.46	0.161916229061873
BD12	42	42	12	1.02400565026346	2.78	0.62997976	1.59	0.189900847813179
BD2	113	113	19	1.26681488950739	3.55	0.61892576	1.62	0.185745109694128
BD3	41	41	9	0.626187635593026	1.87	0.78091168	1.28	0.116879432071451
BD4	49	49	9	0.905168888154979	2.47	0.68380104	1.46	0.16121383175369
BD5	58	58	19	2.07086628648565	7.93	0.23398992	4.27	0.353511950313275
BD6	66	66	23	2.22015247085031	9.21	0.2045188	4.89	0.367307694867183
BD7	39	39	8	0.663213481753246	1.94	0.75440832	1.33	0.125480229184149
BD8	41	41	13	1.13871059247523	3.12	0.59437432	1.68	0.212543077788827
BD9	54	54	11	1.29593428215494	3.65	0.52239128	1.91	0.225188464877506
BE1	110	110	31	2.54266485452535	12.71	0.16376192	6.11	0.374949119636626
BE10	119	119	18	1.59295718238114	4.92	0.42169464	2.37	0.231036879735729
BE11	182	182	35	3.1252600924748	22.77	0.11392464	8.78	0.41626872367304
BE12	90	90	22	1.91162399942667	6.76	0.34295472	2.92	0.294465073540782
BE2	106	106	46	3.34551542667855	28.38	0.07430616	13.46	0.497258469280722
BE3	137	137	38	3.00524181210549	20.19	0.10483208	9.54	0.42339084650235
BE4	165	165	15	1.61859303581874	5.05	0.53212552	1.88	0.21972878578248
BE5	122	122	17	1.50533099716678	4.51	0.52074464	1.92	0.217196370869266
BE6	98	98	25	2.39472139825704	10.97	0.1926824	5.19	0.362029696644594
BE7	96	96	18	1.14004323599409	3.13	0.6643328	1.51	0.173128280665111
BE8	230	230	69	4.22437375254808	68.33	0.02981296	33.54	0.538446129574734
BE9	105	105	23	2.13687177947761	8.47	0.2487244	4.02	0.318259404404441
BF1	34	34	7	0.618086393544022	1.86	0.77499392	1.29	0.121492070375912
BF10	40	40	3	0.50989172867966	1.67	0.80442992	1.24	0.0958095862229894
BF11	53	53	4	0.595824780114777	1.81	0.79190104	1.26	0.10402113382006
BF12	59	59	8	0.894495619088833	2.45	0.68455192	1.46	0.152056756050475
BF2	51	51	4	0.568836011000938	1.77	0.79492256	1.26	0.100280916311405
BF3	116	116	21	2.35553490684813	10.54	0.1939236	5.16	0.343473525010011
BF4	47	47	8	0.776256416416131	2.17	0.72734488	1.37	0.139750472473166
BF5	47	47	3	0.53849347807888	1.71	0.79529344	1.26	0.0969456952545173
BF6	45	45	4	0.509224901476006	1.66	0.80890304	1.24	0.0927236931767771
BF7	47	47	5	0.631304137478251	1.88	0.773074	1.29	0.113654521394069
BF8	34	34	3	0.462770363062098	1.59	0.81708664	1.22	0.0909628979124619
BF9	40	40	3	0.461406151838179	1.59	0.82338344	1.21	0.0866990578624013
BG1	87	87	29	2.29376024216922	9.91	0.2578504	3.88	0.356011230526407
BG10	68	68	39	2.91816986825402	18.51	0.11831384	8.45	0.479373746395574
BG11	35	35	6	0.465727398872617	1.59	0.835186	1.2	0.0907977581533427
BG12	28	28	6	0.929684017823258	2.53	0.48414928	2.07	0.193387846933786
BG2	57	57	17	0.980297089552916	2.67	0.68394128	1.46	0.168063702070901
BG3	43	43	7	0.564812046546598	1.76	0.8023276	1.25	0.104088553006405
BG4	137	137	63	3.76261362436421	43.06	0.0468384	21.35	0.530092507386196
BG5	57	57	9	0.610442372812282	1.84	0.80353968	1.24	0.104655217453075
BG7	43	43	8	0.762725467363929	2.14	0.70411384	1.42	0.1405617863933
BG8	43	43	9	0.811232651510729	2.25	0.68700888	1.46	0.149501118759043
BG9	167	167	26	1.79977867879047	6.05	0.50170152	1.99	0.243750102590771
BH3	66	66	12	1.99374715029753	7.34	0.22843944	4.38	0.329850620414068
BJ10_1	88	88	27	2.38660281870066	10.88	0.22150544	4.51	0.36947566900695
BJ2_1	131	131	37	2.60728935475336	13.56	0.22588616	4.43	0.37069992152945
BJ8_1	93	93	31	2.4646186360005	11.76	0.2292556	4.36	0.376901480327082
BK10_1	45	45	18	2.06224568679912	7.86	0.18128144	5.52	0.375509987362437
BK11_1	40	40	24	2.13468243013383	8.45	0.20383304	4.91	0.401110723796618
BK12_1	39	39	14	1.85123539403534	6.37	0.26614176	3.76	0.350254402101841
BK4_1	61	61	17	1.99095377331906	7.32	0.20842888	4.8	0.335700885066882
BK6_1	29	29	14	1.92131063935749	6.83	0.19303248	5.18	0.395495709284272
BK7_1	72	72	30	2.7243021145495	15.25	0.1185404	8.44	0.441545418123016
BK8_1	29	29	10	1.91006919187032	6.75	0.19961312	5.01	0.393181692926767
BL1_1	88	88	49	3.13775906322304	23.05	0.09205648	10.86	0.485763957028311
BL10_1	68	68	39	2.69935155139779	14.87	0.1254216	7.97	0.443428012916356
BL11_1	87	87	49	3.26820113305998	26.26	0.07146784	13.99	0.507252800706033
BL12_1	46	46	21	2.29564858990471	9.93	0.16822832	5.94	0.415610182010786
BL3_1	62	62	37	2.34210899870146	10.4	0.2597132	3.85	0.393354346516211
BL4_1	55	55	22	2.16102804706534	8.68	0.1789976	5.59	0.373792352344022
BL6_1	91	91	39	2.22258269086106	9.23	0.3306656	3.02	0.341526248712912
BL7_1	60	60	32	2.71117159407816	15.05	0.12991896	7.7	0.45898456221515
BL9_1	65	65	36	2.31017037930412	10.08	0.28259088	3.54	0.38359835384123
BM11_1	37	37	19	2.14169736236676	8.51	0.18347768	5.45	0.41111748432135
BO1	103	103	51	3.51587983934298	33.65	0.05809912	17.21	0.525817626881141
BO10	131	131	54	3.51544123099208	33.63	0.06654424	15.03	0.499819395225289
BO11	141	141	66	3.96953445292926	52.96	0.0325268	30.74	0.555992142502841
BO12	125	125	54	3.50465373913926	33.27	0.07155344	13.98	0.503124069870515
BO3	108	108	51	3.46287131944616	31.91	0.06380648	15.67	0.512646778845253
BO4	113	113	43	2.67137323910152	14.46	0.22506872	4.44	0.391686677699074
BO5	116	116	46	3.23288605846186	25.35	0.08592784	11.64	0.471404931095426
BO6	97	97	37	2.83987423098245	17.11	0.12263272	8.15	0.430289656679975
BO7	93	93	39	2.80446076837833	16.52	0.11905472	8.4	0.428871793664716
BO8	98	98	43	3.03016894719884	20.7	0.09793424	10.21	0.458095520228243
BO9	115	115	41	2.55746348471289	12.9	0.26003224	3.85	0.373598305699104
BP10	135	135	58	3.87362208391785	48.12	0.03549568	28.17	0.547367955374184
BP11	127	127	60	3.74593357114157	42.35	0.04571032	21.88	0.535999796675859
BP12	114	114	55	3.49074821734546	32.81	0.06400464	15.62	0.510874346010115
BP3	104	104	55	3.65962517237769	38.85	0.04168512	23.99	0.546176866940455
BP4	102	102	55	3.43499983285095	31.03	0.06487232	15.41	0.514805285455021
BP5	239	239	66	4.27799176735634	72.1	0.02686824	37.22	0.541458535035054
BP6	95	95	54	3.55338159874754	34.93	0.04843952	20.64	0.540861445149822
BP7	229	229	53	4.14805761997599	63.31	0.0306744	32.6	0.529142720626093
BP8	158	158	62	4.06117230998511	58.04	0.0307356	32.54	0.556036996455392
BP9	100	100	46	3.09413502290692	22.07	0.12928208	7.74	0.465713726264721
BQ1	59	59	21	2.4201181676326	11.25	0.1370972	7.29	0.41139979892119
BQ11	55	55	21	2.16328971716774	8.7	0.1842052	5.43	0.374183552721522
BQ12	57	57	20	2.3392208245716	10.37	0.14815664	6.75	0.401039762260384
BQ2	65	65	20	2.28324288895963	9.81	0.15663376	6.38	0.379127107451025
BQ3	65	65	28	2.12890878724914	8.41	0.23725848	4.21	0.353500293131146
BQ4	65	65	30	2.28926611136027	9.87	0.20290352	4.93	0.380127249353286
BQ5	75	75	23	2.1994320374897	9.02	0.20114848	4.97	0.35310580493307
BQ6	58	58	21	2.33840241107267	10.36	0.15286624	6.54	0.3991823143533
BQ7	47	47	19	2.16801269579422	8.74	0.17653824	5.66	0.390310201832385
BQ8	47	47	20	2.39445212271845	10.96	0.1304116	7.67	0.431076392268936
BQ9	65	65	22	2.47623980628389	11.9	0.13081328	7.64	0.411173791299649
BR1	42	42	25	2.70334645691247	14.93	0.09787688	10.22	0.501332960387815
BR10	71	71	31	2.5501148082192	12.81	0.1354876	7.38	0.414669865063427
BR11	62	62	30	2.46227363445968	11.73	0.17975504	5.56	0.413535850365622
BR12	63	63	30	2.57484320273057	13.13	0.1351176	7.4	0.430771728224985
BR2	83	83	40	2.7766014221013	16.06	0.13908008	7.19	0.435542627148057
BR4	60	60	21	2.45461234468543	11.64	0.13106816	7.63	0.415550670010769
BR5	58	58	20	1.78710091371925	5.97	0.29485648	3.39	0.305071135465561
BR6	59	59	22	2.13212810962053	8.43	0.26902072	3.72	0.362443903485156
BR7	52	52	24	2.41172540881842	11.15	0.13316896	7.51	0.423077083184187
BR8	58	58	22	2.4154887708345	11.2	0.14051656	7.12	0.412341517127421
BR9	71	71	41	2.9924818043466	19.94	0.10804608	9.26	0.486602415708376
BS1	58	58	23	2.36463554141903	10.64	0.16098824	6.21	0.403660500671791
BS10	45	45	17	2.2149989943644	9.16	0.1567936	6.38	0.403324516426838
BS11	50	50	28	1.9343628662025	6.92	0.35583568	2.81	0.342737802162127
BS12	33	33	18	2.42706507274934	11.33	0.1106124	9.04	0.481141047927875
BS2	62	62	30	2.59848267930634	13.44	0.12387048	8.07	0.436411993130523
BS3	44	44	17	1.98987247415021	7.31	0.19988112	5	0.364483450503752
BS4	61	61	27	2.36335858378519	10.63	0.16802584	5.95	0.398493214126452
BS5	49	49	18	2.10754999921184	8.23	0.17616272	5.68	0.375362228454382
BS6	49	49	23	2.10392510104072	8.2	0.20132272	4.97	0.374716621063839
BS7	60	60	22	2.17160386619271	8.77	0.19598904	5.1	0.367639087103998
BS8	62	62	30	2.43505169763296	11.42	0.16164664	6.19	0.408963959314727
BS9	40	40	17	2.17358481712327	8.79	0.16810328	5.95	0.408420553297474
BT12	47	47	18	2.29543272424667	9.93	0.15498768	6.45	0.413249798597314
BT2	54	54	27	2.06941497868456	7.92	0.29605208	3.38	0.359592603314415
BT4	56	56	21	2.11511667582511	8.29	0.20170168	4.96	0.364213433518836
BT5	70	70	38	3.00532611604602	20.19	0.0879012	11.38	0.490322621379616
BT6	67	67	21	2.30670155003161	10.04	0.1717884	5.82	0.380261726725046
BT7	38	38	15	1.42261266524292	4.15	0.43937448	2.28	0.271080852698255
BT8	54	54	22	2.36799538792658	10.68	0.14969624	6.68	0.411475530501051
BT9	59	59	20	2.49966918138415	12.18	0.1258716	7.94	0.424922804326078
BU1	68	68	22	2.17877418306612	8.84	0.18960696	5.27	0.357911701456663
BU10	40	40	13	1.71192844013182	5.54	0.27706864	3.61	0.321674477672186
BU11	69	69	28	2.6310344159751	13.89	0.12701504	7.87	0.430715213566123
BU12	42	42	16	1.71935850182009	5.58	0.28088376	3.56	0.318853355063447
BU2	78	78	29	2.0754286625251	7.97	0.35591976	2.81	0.330198226025506
BU3	63	63	22	2.23217547614549	9.32	0.22050864	4.53	0.373443356294826
BU4	104	104	41	3.04784076592286	21.07	0.09733688	10.27	0.454871753815051
BU5	77	77	29	2.78676054711882	16.23	0.10475008	9.55	0.444687325636882
BU6	52	52	12	0.566272357594766	1.76	0.83978104	1.19	0.0993383643357652
BU7	67	67	28	2.43439546938155	11.41	0.14251552	7.02	0.401312178728095
BU8	126	126	42	3.19654813459907	24.45	0.09687416	10.32	0.458136719415957
BU9	89	89	24	2.39146371904913	10.93	0.15906128	6.29	0.369296195487813
BV1	53	53	23	2.46827802620563	11.8	0.14557264	6.87	0.430920444127198
BV10	62	62	34	2.68325013866226	14.63	0.13324744	7.5	0.45064858442464
BV2	56	56	35	2.52539306329865	12.5	0.19049208	5.25	0.434861154035317
BV3	53	53	26	2.43393694406554	11.4	0.16192456	6.18	0.424925060215618
BV4	85	85	32	2.73412339820232	15.4	0.1192116	8.39	0.426580844489711
BV5	54	54	27	2.31693600532004	10.14	0.17136704	5.84	0.402603179375621
BV6	76	76	34	2.89894096430305	18.15	0.10351944	9.66	0.463984410520998
BV7	63	63	28	2.62108462484372	13.75	0.1444476	6.92	0.438507926412952
BV8	65	65	29	2.74902987426165	15.63	0.12224144	8.18	0.456469939998442
BV9	136	136	79	4.08920173395973	59.69	0.02798576	35.73	0.576962705209518
BW1	40	40	16	1.73711143347694	5.68	0.28808952	3.47	0.32640640807337
BW10	52	52	22	2.19438259892605	8.97	0.18342784	5.45	0.384949706939737
BW12	44	44	18	1.52105581735091	4.58	0.40966552	2.44	0.278610654661991
BW7	32	32	19	1.60221874674985	4.96	0.37281232	2.68	0.320443749349971
BX1	39	39	21	2.27732717722782	9.75	0.1507672	6.63	0.430871120669043
BX10	54	54	26	2.30800618756421	10.05	0.18542264	5.39	0.401051486531501
BX11	41	41	25	2.34243183640632	10.41	0.15802352	6.33	0.437220550428106
BX12	53	53	26	2.51127726256935	12.32	0.13228312	7.56	0.438427398301022
BX2	54	54	31	2.6596465782073	14.29	0.12302136	8.13	0.462154399579043
BX3	35	35	18	2.2370309742205	9.37	0.15330752	6.52	0.436129370680133
BX4	42	42	19	2.09816245304619	8.15	0.23381392	4.28	0.389102177884212
BX6	44	44	24	2.3434716337602	10.42	0.14637328	6.83	0.429251943693204
BX7	55	55	28	2.65791567598271	14.27	0.11403696	8.77	0.459738851703848
BX8	47	47	27	2.54926756004053	12.8	0.1147	8.72	0.458948020836967
BX9	53	53	32	2.45977787573506	11.7	0.18729384	5.34	0.42943645870212
BY1	23	23	6	0.370031572998759	1.45	0.87286808	1.15	0.0818009295757051
BY10	28	28	8	0.425947370419924	1.53	0.84303864	1.19	0.0886032708892676
BY11	20	20	5	0.388473098766003	1.47	0.85754216	1.17	0.0898842114531124
BY12	15	15	7	0.35863671079784	1.43	0.86587712	1.15	0.0917959441201043
BY2	23	23	5	0.400829080354778	1.49	0.852792	1.17	0.0886091722073291
BY3	29	29	7	0.621304155927858	1.86	0.75757712	1.32	0.127893492492253
BY4	27	27	7	0.456738870279503	1.58	0.83317424	1.2	0.096056714290651
BY5	16	16	7	0.391802313940803	1.48	0.85024832	1.18	0.0979505784852007
BY6	17	17	4	0.354756291019161	1.43	0.85978184	1.16	0.0867913189176889
BY7	37	37	8	0.556304464389913	1.74	0.80836664	1.24	0.106787492918223
BY8	18	18	7	0.406939306741658	1.5	0.8381628	1.19	0.0975891188932423
BY9	15	15	4	0.315790335566311	1.37	0.87383344	1.14	0.0808290705455819
BZ7	44	44	19	2.09917843060531	8.16	0.18562888	5.39	0.384504940668032
BZ8	47	47	23	2.2118856188575	9.13	0.18121136	5.52	0.398208702375775
CA1	86	86	39	2.84158022300326	17.14	0.12995544	7.69	0.442182252283346
CA10	40	40	20	2.18466273960592	8.89	0.1735992	5.76	0.410502115145951
CA11	49	49	27	2.35111457398254	10.5	0.17584216	5.69	0.418741954483498
CA12	57	57	30	2.52410175429735	12.48	0.1843444	5.42	0.432736044768161
CA2	76	76	34	2.80899040610833	16.59	0.12434464	8.04	0.449587547240946
CA3	52	52	29	2.53523514438832	12.62	0.14754632	6.78	0.444743786399526
CA4	75	75	37	2.58717806246958	13.29	0.15815184	6.32	0.415356135894142
CA5	35	35	20	1.85743323486528	6.41	0.25884432	3.86	0.362123366702346
CA6	71	71	29	2.40772545477944	11.11	0.193702	5.16	0.391516172615138
CA7	91	91	51	3.08764507853342	21.93	0.12009216	8.33	0.474453366961062
CA8	64	64	36	2.50503461642552	12.24	0.18160776	5.51	0.417505769404254
CB1	21	21	4	0.157608666221597	1.17	0.95770712	1.04	0.0358828042354661
CB10	25	25	5	0.226235667068267	1.25	0.93788816	1.07	0.0487171992031996
CB11	27	27	5	0.277573694134576	1.32	0.9251404	1.08	0.0583765008127492
CB12	31	31	9	0.350900695718704	1.42	0.90227344	1.11	0.0708289849118438
CB2	25	25	3	0.178252847421689	1.2	0.95262832	1.05	0.0383846613971774
CB3	20	20	6	0.211406619106853	1.24	0.94060688	1.06	0.0489148857790895
CB4	45	45	7	0.365783142754902	1.44	0.90336416	1.11	0.0666046844915358
CB5	28	28	6	0.260781416730221	1.3	0.92938104	1.08	0.0542463414826472
CB6	32	32	11	0.506753528824903	1.66	0.84158936	1.19	0.101350705764981
CB7	34	34	9	0.347185350957099	1.42	0.90416336	1.11	0.0682433192714527
CB8	19	19	5	0.179543901402008	1.2	0.95030528	1.05	0.0422662347306534
CB9	32	32	4	0.312473470412435	1.37	0.91406752	1.09	0.0624946940824869
CC1	94	94	42	2.79942596376536	16.44	0.16616072	6.02	0.427094059919388
CC11	78	78	55	3.48516775333149	32.63	0.05532232	18.08	0.554486034779546
CC12	97	97	53	3.44551381896734	31.36	0.06779144	14.75	0.522054442437991
CC2	66	66	45	2.98600131453622	19.81	0.13541496	7.38	0.494011683482537
CC3	130	130	60	3.80448270254446	44.9	0.04292888	23.29	0.541766367675314
CC4	118	118	50	3.29848196253918	27.07	0.07867416	12.71	0.479246408521071
CC5	99	99	48	2.87876718709998	17.79	0.14675488	6.81	0.434245335117514
CC6	110	110	62	3.61964000428684	37.32	0.05551392	18.01	0.533763162138099
CC7	67	67	37	2.79892361030856	16.43	0.11855288	8.44	0.461404955059249
CC8	75	75	39	2.65631403067234	14.24	0.1552996	6.44	0.426455506679849
CC9	108	108	37	2.62755621801089	13.84	0.20069872	4.98	0.388985933099453
CD1	33	33	14	0.811920089012196	2.25	0.7281444	1.37	0.160954927351207
CD10	35	35	19	1.13896961163175	3.12	0.61678752	1.62	0.222052401450471
CD11	42	42	17	1.06469299796457	2.9	0.6298368	1.59	0.197446276709711
CD12	36	36	19	0.906079582571697	2.47	0.70297816	1.42	0.175259715047881
CD3	50	50	14	1.31252336865529	3.72	0.400676	2.5	0.232557904475535
CD5	47	47	31	1.54090130244338	4.67	0.514356	1.94	0.277410505725907
CD6	48	48	23	2.02993426270835	7.61	0.22341064	4.48	0.363464260045835
CD7	38	38	15	1.1992701327141	3.32	0.44692656	2.24	0.228522617669916
CD9	37	37	16	0.886281510838792	2.43	0.70835176	1.41	0.170129464386095
CF1	80	80	56	3.59775714273872	36.52	0.04989928	20.04	0.569091753139091
CF10	98	98	39	2.95745813981778	19.25	0.12099576	8.26	0.447103230453697
CF11	115	115	49	3.38276252864423	29.45	0.06709552	14.9	0.494159293705723
CF12	98	98	47	2.88188501168653	17.85	0.16337224	6.12	0.435678220149052
CF2	79	79	50	2.90190542151981	18.21	0.12467952	8.02	0.46034364731974
CF3	77	77	34	2.80040817472864	16.45	0.11889152	8.41	0.446865096895117
CF4	111	111	61	3.71905749137757	41.23	0.04964704	20.14	0.547369717210939
CF5	127	127	40	2.9428142491555	18.97	0.1296832	7.71	0.42108270455033
CF6	94	94	36	2.97706447366299	19.63	0.10069376	9.93	0.454195456195703
CF7	110	110	71	3.95805985499714	52.36	0.03245944	30.81	0.583667586177921
CF8	116	116	35	2.16371894995823	8.7	0.34360432	2.91	0.315503783328578
CF9	139	139	57	3.4566684642117	31.71	0.08266216	12.1	0.485559359025467
CG1	41	41	12	1.01641725290576	2.76	0.61558824	1.62	0.189716731079723
CG10	40	40	16	1.85572327156336	6.4	0.27630344	3.62	0.34869378888191
CG11	38	38	13	1.21609600504169	3.37	0.52166032	1.92	0.231728811407251
CG12	45	45	14	1.49681897843188	4.47	0.39507792	2.53	0.272552625166218
CG2	42	42	11	1.23534856369559	3.44	0.46631352	2.14	0.229094184714926
CG3	70	70	19	1.974248893089	7.2	0.26406648	3.79	0.322101114866291
CG4	47	47	18	1.6214127465026	5.06	0.39029856	2.56	0.291905087810934
CG5	50	50	18	1.70686989623992	5.51	0.36346896	2.75	0.302429728690173
CG6	49	49	13	1.00302243646581	2.73	0.63271448	1.58	0.17864190034986
CG7	64	64	17	1.66675601072044	5.29	0.35784848	2.79	0.277792668453407
CG8	46	46	12	1.16887826659244	3.22	0.55813032	1.79	0.211616756703648
CG9	64	64	19	1.62685384480168	5.09	0.37422656	2.67	0.271142307466947
CI11_1	49	49	19	2.07145998134272	7.94	0.22155024	4.51	0.368934466580463
CI12_1	28	28	15	2.15530662360969	8.63	0.15621544	6.4	0.448335240179685
CI8_1	72	72	19	2.26086011378819	9.59	0.19081904	5.24	0.366432349381829
CJ1_1	70	70	27	2.61800560468889	13.71	0.14592856	6.85	0.42713080754326
CJ12_1	37	37	12	1.65756489406857	5.25	0.28319704	3.53	0.318184035393212
CJ2_1	44	44	24	2.31773639253204	10.15	0.15671664	6.38	0.424538038835361
CJ3_1	42	42	20	2.13285770640329	8.44	0.21846856	4.58	0.395536378736433
CJ4_1	27	27	15	1.64622736369174	5.19	0.35005776	2.86	0.346217941632206
CJ7_1	38	38	17	2.17630234038277	8.81	0.18324608	5.46	0.414697484827629
CK2_1	25	25	8	0.707016286688989	2.03	0.66726288	1.5	0.152247670426522
CK5_1	70	70	19	1.60425275658159	4.97	0.47403416	2.11	0.261735793916921
CK6_1	48	48	27	2.00752408153648	7.44	0.29051032	3.44	0.359451667093067
CK8_1	62	62	18	1.68641606497835	5.4	0.35586984	2.81	0.283231518926653
CL9_1	30	30	8	1.09046276423269	2.98	0.49555824	2.02	0.222230910387244
CM12_1	53	53	20	1.92984734466339	6.89	0.28414392	3.52	0.336919368900445
CN1_1	36	36	21	2.21602367939666	9.17	0.15660144	6.39	0.428637490636408
CN10_1	42	42	19	2.16426777342636	8.71	0.15143304	6.6	0.401361344991273
CN11_1	30	30	16	1.85021995099006	6.36	0.261714	3.82	0.377065662039813
CN12_1	39	39	18	2.27308143251635	9.71	0.16600688	6.02	0.430067824243216
CN2_1	35	35	17	2.20568632181791	9.08	0.14914432	6.7	0.430018447906123
CN3_1	38	38	24	2.29612785688455	9.94	0.15523008	6.44	0.437530406241811
CN4_1	36	36	18	2.09441957341159	8.12	0.21328592	4.69	0.405116045750622
CN5_1	33	33	21	2.20451477776066	9.07	0.16718472	5.98	0.437022707900752
CN6_1	26	26	16	2.14449502399554	8.54	0.1521036	6.57	0.456232853219875
CN7_1	30	30	17	2.13537512894598	8.46	0.1688384	5.92	0.435178874959441
CN8_1	36	36	16	2.08659338278962	8.06	0.18241056	5.48	0.403602253844591
CO1	33	33	10	1.60031154862604	4.95	0.30099472	3.32	0.317245542429895
CO10	73	73	20	1.77302038784034	5.89	0.35494032	2.82	0.286441137543508
CO11	59	59	11	1.49280280647727	4.45	0.33966016	2.94	0.253763961870712
CO12	103	103	23	1.84695750494144	6.34	0.34141184	2.93	0.276221843912648
CO3	49	49	12	1.68714468070477	5.4	0.26165384	3.82	0.300486530479055
CO5	49	49	14	1.72008269094682	5.58	0.28246312	3.54	0.306352908467683
CO7	48	48	13	1.36122701554478	3.9	0.4494308	2.23	0.243730735053103
CO9	57	57	27	2.00904020956402	7.46	0.30680512	3.26	0.344433069145006
CP1	90	90	22	1.32388448911027	3.76	0.5790272	1.73	0.203930136659864
CP11	82	82	26	1.95938364254064	7.09	0.3352232	2.98	0.308197815938801
CP2	52	52	19	1.53243237224717	4.63	0.41050848	2.44	0.268827046336504
CP3	35	35	9	0.662461800859884	1.94	0.77134808	1.3	0.129152904737639
CP4	85	85	34	3.00505421797193	20.19	0.08780048	11.39	0.46885175953751
CP5	70	70	21	2.32289831557453	10.21	0.17325648	5.77	0.378983693386758
CP7	62	62	26	2.22842790370379	9.29	0.23689584	4.22	0.374261745420852
CP9	67	67	27	2.54776291213626	12.78	0.1447508	6.91	0.420000898790609
CQ10	88	88	26	2.29996044001994	9.97	0.23257048	4.3	0.356062355917492
CQ11	95	95	28	2.3435279264966	10.42	0.22898056	4.37	0.356709198224215
CQ2	51	51	26	2.06719384921082	7.9	0.2512712	3.98	0.36442856883725
CQ3	57	57	16	1.04155718573821	2.83	0.6493044	1.54	0.17856623101222
CQ4	44	44	25	2.27931330179089	9.77	0.19273024	5.19	0.417500110086519
CQ5	49	49	22	1.69034531585372	5.42	0.37198904	2.69	0.301056575100737
CQ7	64	64	22	1.71634719977805	5.56	0.3583464	2.79	0.286057866629676
CQ8	47	47	18	2.08598185548802	8.05	0.20634048	4.85	0.375542080825297
CQ9	67	67	13	1.29163036732573	3.64	0.52608208	1.9	0.212926372622005
CR1	51	51	9	1.14044051445973	3.13	0.55044624	1.82	0.201049894129301
CR10	53	53	13	1.78488467804055	5.96	0.27833232	3.59	0.31161128933252
CR11	35	35	9	1.21918709187398	3.38	0.48668432	2.05	0.23769152293728
CR12	65	65	15	1.9335745607761	6.91	0.22237504	4.5	0.321065504599887
CR2	35	35	11	1.41206139486531	4.1	0.35349216	2.83	0.275294108396917
CR3	60	60	15	1.43630744717647	4.21	0.45428744	2.2	0.243157956614991
CR4	45	45	11	1.20336084812455	3.33	0.51785672	1.93	0.219117450342724
CR5	46	46	18	1.5356655914052	4.64	0.38587712	2.59	0.278020886453754
CR6	46	46	13	1.73911461727879	5.69	0.25673608	3.9	0.314853826410277
CR7	56	56	18	1.84996907448818	6.36	0.25834712	3.87	0.318556227287159
CR8	47	47	14	1.64031701652431	5.16	0.34558048	2.89	0.295308448622419
CR9	38	38	15	1.63645676853409	5.14	0.31012408	3.22	0.311829148619525
CS1	52	52	8	0.635426301402421	1.89	0.79500072	1.26	0.111469699325166
CS10	28	28	6	0.331023660259032	1.39	0.89447488	1.12	0.0688577535101881
CS11	91	91	20	2.11423266809833	8.28	0.25836312	3.87	0.324876979835641
CS12	41	41	11	0.938547830559383	2.56	0.66730768	1.5	0.175182215636988
CS2	57	57	7	0.705916476847414	2.03	0.77432504	1.29	0.121023450662219
CS3	38	38	7	0.391400830423109	1.48	0.88295416	1.13	0.0745819810621353
CS4	51	51	8	0.535972643281448	1.71	0.83421672	1.2	0.0944873860772871
CS5	46	46	11	0.751713191961548	2.12	0.75160128	1.33	0.136092108306532
CS6	50	50	16	1.62232298130989	5.06	0.379736	2.63	0.287449383322193
CS7	35	35	5	0.933378211967008	2.54	0.46345752	2.16	0.181970503262059
CS8	24	24	4	0.2909244224181	1.34	0.90507408	1.1	0.0634518651727995
CS9	39	39	13	0.835322677088847	2.31	0.72114976	1.39	0.158043350817804
CT10	33	33	7	0.662845827423549	1.94	0.71546352	1.4	0.131402466131621
CT3	40	40	14	1.51855012798996	4.57	0.42200832	2.37	0.285338339961562
CT4	80	80	30	2.21648723633654	9.18	0.2650796	3.77	0.350603044366962
CT7	28	28	8	0.965087393833348	2.63	0.49913808	2	0.200752265950915
CT8	31	31	9	0.355438404886517	1.43	0.89522664	1.12	0.0717449173625421
CT9	64	64	21	2.27419419028651	9.72	0.1729048	5.78	0.379032365047752
CU1	43	43	8	0.858456310371536	2.36	0.66815984	1.5	0.158203911747514
CU10	42	42	8	0.639374198744399	1.9	0.78552632	1.27	0.118571320754133
CU11	36	36	7	0.684717507849036	1.98	0.73589592	1.36	0.132442445037019
CU12	46	46	8	0.840840611459968	2.32	0.70555	1.42	0.152227967776829
CU2	29	29	8	0.417562818783995	1.52	0.86255552	1.16	0.0859539835999359
CU3	48	48	7	0.582781954097329	1.79	0.81135224	1.23	0.10434840950536
CU4	61	61	6	0.586572504888866	1.8	0.81831336	1.22	0.0989038076553743
CU5	40	40	7	0.56952483716881	1.77	0.8149712	1.23	0.107014756121177
CU6	39	39	7	0.609723464156529	1.84	0.79829672	1.25	0.115359898624287
CU7	60	60	11	0.998087235153768	2.71	0.66604456	1.5	0.168969988354922
CU8	42	42	7	0.424561519850241	1.53	0.86904016	1.15	0.0787345192359719
CU9	38	38	8	0.800206034314608	2.23	0.6906848	1.45	0.152480390071076
CW2	47	47	24	1.68387167527946	5.39	0.41503168	2.41	0.303149651620188
CW5	38	38	15	1.19410398014341	3.3	0.5326612	1.88	0.227538200000759
CW9	31	31	17	1.92084166753373	6.83	0.21446504	4.66	0.387720136060521
CX1	39	39	16	1.83029835483069	6.24	0.26412392	3.79	0.346293106757103
CX10	35	35	18	1.74086725724836	5.7	0.3167976	3.16	0.339397777720058
CX12	44	44	21	1.86395195588691	6.45	0.2781648	3.59	0.341418683498808
CX2	32	32	7	1.21559627331118	3.37	0.39742344	2.52	0.243119254662237
CX3	59	59	21	2.2437641432658	9.43	0.17285624	5.79	0.381421093280376
CX4	43	43	12	1.57121888503838	4.81	0.33712816	2.97	0.289558094944934
CX5	33	33	13	1.68704265962852	5.4	0.26352808	3.79	0.334439106007655
CX6	42	42	22	1.69263761439049	5.43	0.3578932	2.79	0.313897992584836
CX7	98	98	48	3.15316673576723	23.41	0.09428336	10.61	0.476690105851347
CX8	54	54	23	2.09030714037358	8.09	0.23878448	4.19	0.363222936953635
CX9	46	46	19	2.03214567153993	7.63	0.20619664	4.85	0.367904929410908
CY1	89	89	29	2.43525707943644	11.42	0.18611344	5.37	0.37605888281183
CY10	88	88	33	2.87556841170905	17.74	0.12137144	8.24	0.445173597536386
CY11	113	113	39	3.05181117874528	21.15	0.0949516	10.53	0.447467903051119
CY12	73	73	26	1.65457627379842	5.23	0.47968576	2.08	0.267305843333595
CY2	125	125	34	3.04369708659335	20.98	0.09267272	10.79	0.43694966169068
CY3	69	69	29	2.40319417865341	11.06	0.22179464	4.51	0.393416478178583
CY4	64	64	20	2.28282567579177	9.8	0.17299616	5.78	0.380470945965295
CY5	91	91	37	2.968796387862	19.47	0.1058516	9.45	0.45619085296941
CY6	68	68	28	2.31985572612179	10.17	0.2339096	4.28	0.381087455746226
CY7	53	53	11	1.24488524697917	3.47	0.49879184	2	0.217336336433832
CY8	74	74	26	2.72065693561976	15.19	0.11738784	8.52	0.438147575224472
CY9	94	94	37	3.07377019675001	21.62	0.07818648	12.79	0.468949352324865
CZ1	70	70	23	2.69124380263435	14.75	0.10593016	9.44	0.439079708865484
CZ10	37	37	17	1.74576865559412	5.73	0.25364024	3.94	0.335115516555421
CZ11	53	53	18	1.84511746426984	6.33	0.26633832	3.75	0.32212693575378
CZ12	48	48	14	1.79213103238268	6	0.2568656	3.89	0.320885060938417
CZ2	50	50	17	1.55257528857984	4.72	0.37505984	2.67	0.275091220678643
CZ3	40	40	20	1.89542990668129	6.66	0.24219344	4.13	0.356154738073628
CZ4	62	62	29	2.57249584273325	13.1	0.13595064	7.36	0.432047535659116
CZ5	52	52	21	1.78931683796678	5.99	0.31866768	3.14	0.313891020068585
CZ6	42	42	25	2.10830905672353	8.23	0.23913536	4.18	0.390983855627156
CZ7	44	44	13	1.60014013626444	4.95	0.31228712	3.2	0.293096470116397
CZ8	50	50	23	2.09304440329484	8.11	0.2173272	4.6	0.370853603089129
CZ9	43	43	17	1.81385183595508	6.13	0.27915496	3.58	0.334272638352801
DA1	29	29	6	0.437410760925886	1.55	0.84043184	1.19	0.090039619620702
DA10	29	29	7	0.421481913019064	1.52	0.85085824	1.18	0.0867607167343387
DA11	25	25	3	0.368521619650329	1.45	0.85790456	1.17	0.0793568113633179
DA12	23	23	6	0.407315572049824	1.5	0.84677368	1.18	0.0900431067390228
DA2	23	23	6	0.425713546640833	1.53	0.84066432	1.19	0.0941102500145501
DA3	28	28	5	0.418323558745266	1.52	0.83957104	1.19	0.0870174067710022
DA4	21	21	3	0.331997597212054	1.39	0.87836072	1.14	0.0755859755240592
DA5	20	20	6	0.376289038572949	1.46	0.85413368	1.17	0.0870650853766126
DA6	16	16	6	0.37450386558123	1.45	0.86675568	1.15	0.0936259663953076
DA7	27	27	7	0.49018318069063	1.63	0.82975032	1.21	0.103090384466004
DA8	26	26	5	0.419572162322543	1.52	0.84195456	1.19	0.0892623217149722
DA9	31	31	4	0.397071665052394	1.49	0.85189784	1.17	0.0801485528984592
DB1	70	70	35	3.00742638216553	20.24	0.09804272	10.2	0.490665282358675
DB10	49	49	26	2.31259466188921	10.1	0.20057496	4.99	0.411881419716292
DB11	44	44	18	2.01232478645295	7.48	0.22620088	4.42	0.368596023729524
DB3	47	47	25	2.13239145302088	8.44	0.27002144	3.7	0.383897262238741
DB4	42	42	20	1.98398764608465	7.27	0.28918224	3.46	0.367928571434555
DB6	40	40	18	2.3301324859894	10.28	0.14109552	7.09	0.437836145931377
DB7	57	57	25	2.37028201592215	10.7	0.1831644	5.46	0.406364942621255
DB9	41	41	16	2.09999847504734	8.17	0.19662784	5.09	0.39196977896569
DC1	52	52	15	1.21467062782572	3.37	0.56851904	1.76	0.21308367211746
DC10	47	47	17	1.47764099538971	4.38	0.35634424	2.81	0.266021668722325
DC11	44	44	12	0.916510493662894	2.5	0.6846276	1.46	0.167876540578717
DC12	50	50	9	0.691953369458134	2	0.77064312	1.3	0.122602941356263
DC2	40	40	9	0.632874338247233	1.88	0.78732168	1.27	0.118918242968224
DC3	58	58	11	1.20701758525998	3.34	0.43848336	2.28	0.206046688486003
DC4	96	96	15	1.42515457264009	4.16	0.54026168	1.85	0.216425617075878
DC5	40	40	14	0.930836982964358	2.54	0.68280616	1.46	0.174905967605723
DC6	57	57	18	1.31396225106354	3.72	0.5545016	1.8	0.225267791416036
DC7	50	50	12	0.99457845876143	2.7	0.65039184	1.54	0.176223210747886
DC8	33	33	7	0.871372094921068	2.39	0.55774168	1.79	0.172740684867797
DC9	27	27	6	0.549997331328449	1.73	0.79799456	1.25	0.115669893573339
DD1	67	67	18	1.93171286790094	6.9	0.28162376	3.55	0.318444521214691
DD10	53	53	20	2.14162002361984	8.51	0.22895104	4.37	0.373891369583127
DD11	55	55	19	2.0260999388304	7.58	0.27480328	3.64	0.350453879230284
DD12	45	45	17	1.82478313578824	6.2	0.31694592	3.16	0.332270930008631
DD2	40	40	12	0.943344197300783	2.57	0.6720852	1.49	0.177256096001565
DD3	71	71	20	2.06664010115131	7.9	0.29177008	3.43	0.336052858921094
DD4	59	59	17	1.51100491167826	4.53	0.4586008	2.18	0.256858167153654
DD5	87	87	14	1.11211871164859	3.04	0.6441764	1.55	0.172610346864774
DD6	61	61	26	2.30638915626146	10.04	0.20499104	4.88	0.388887422421109
DD7	64	64	14	0.941049314962752	2.56	0.69254112	1.44	0.156841552493792
DD8	44	44	21	2.05790923564736	7.83	0.278934	3.59	0.376945693141776
DD9	108	108	29	2.48554476660971	12.01	0.19579456	5.11	0.367962422144505
DE4	77	77	36	2.73100649235907	15.35	0.17848384	5.6	0.435790572189529
DE7	47	47	16	1.23636912356662	3.44	0.54834112	1.82	0.222585173553071
DE8	57	57	30	2.56544216298013	13.01	0.14616376	6.84	0.439823510601116
DF10	51	51	29	2.66788168346407	14.41	0.13118696	7.62	0.470324688757706
DF12	54	54	33	2.75554288716231	15.73	0.0990816	10.09	0.478817854584717
DF4	52	52	29	2.76680131837527	15.91	0.10115936	9.89	0.485366297194617
DF7	79	79	32	2.87905127814851	17.8	0.0995556	10.04	0.456718181224983
DG10	33	33	8	1.42325367808004	4.15	0.39639744	2.52	0.282145614399583
DG2	68	68	26	1.28926955043388	3.63	0.600146	1.67	0.211790952003425
DG5	209	209	85	4.18303828768861	65.56	0.04872736	20.52	0.542733018664883
DG8	32	32	5	0.324055334899168	1.38	0.90803152	1.1	0.0648110669798337
DI3	66	66	32	2.50929556676954	12.3	0.15561184	6.43	0.415144267104123
DI8	48	48	17	1.65174589682306	5.22	0.39013168	2.56	0.295748789111795
DJ11	157	157	43	3.3013944034431	27.15	0.08936904	11.19	0.452579307011228
DJ3	94	94	42	3.22991477637528	25.28	0.07853192	12.73	0.492771529910467
DJ6	116	116	31	3.09210642962983	22.02	0.09611472	10.4	0.450877077645257
DJ9	96	96	38	2.96311960277886	19.36	0.1255348	7.97	0.449982760335287
DK11	44	44	27	2.70948463486663	15.02	0.09804352	10.2	0.496294270930521
DL1	51	51	18	2.30806281310372	10.05	0.14829616	6.74	0.406891703981693
DL4	42	42	12	1.71068966345022	5.53	0.26833408	3.73	0.317245727453609
DL6	59	59	19	1.80027577733791	6.05	0.30736688	3.25	0.306031789151851
DL7	47	47	17	1.54194311936534	4.67	0.36803232	2.72	0.277598065408501
DL9	47	47	13	1.57814368791591	4.85	0.31289152	3.2	0.284115301790386
DM1	60	60	22	2.03419607493412	7.65	0.230362	4.34	0.344376798928093
DM10	55	55	23	2.04815175898736	7.75	0.27172328	3.68	0.354268175736584
DM11	55	55	19	2.27480915904551	9.73	0.18412488	5.43	0.393473036061729
DM12	67	67	24	2.22888953607955	9.29	0.20752888	4.82	0.367434349561773
DM2	67	67	22	2.39585613793363	10.98	0.17736688	5.64	0.394958936921405
DM3	65	65	24	2.15821268767268	8.66	0.2460092	4.06	0.358366136821421
DM4	54	54	25	2.15142593271693	8.6	0.23882408	4.19	0.373843264861065
DM5	65	65	20	2.41264594359902	11.16	0.15468512	6.46	0.400614180087047
DM6	61	61	22	1.77706740174812	5.91	0.3940272	2.54	0.299636841188852
DM7	53	53	19	2.32933118114347	10.27	0.15693816	6.37	0.406662627321891
DM8	65	65	19	2.02056491823025	7.54	0.27439888	3.64	0.335510048698632
DM9	59	59	24	2.01376639236713	7.49	0.30054728	3.33	0.342323403862756
DN11	37	37	14	1.85577814065728	6.4	0.21083368	4.74	0.356232796496727
DO10	40	40	13	1.46577624070616	4.33	0.415694	2.41	0.275422030243944
DO6	49	49	14	1.31599368930783	3.73	0.49962856	2	0.234383205160126
DO9	29	29	13	1.28912259171297	3.63	0.39186192	2.55	0.2653618021573
DP1	152	152	55	3.6920913898987	40.13	0.061278	16.32	0.509399601893168
DP10	191	191	71	4.25752902891794	70.64	0.02633744	37.97	0.56186988034325
DP11	112	112	43	3.42415420909474	30.7	0.06046192	16.54	0.503008032973217
DP12	76	76	34	2.59188781504906	13.35	0.17874336	5.59	0.414839610330326
DP2	168	168	53	3.74414690569181	42.27	0.0487268	20.52	0.506491630642721
DP3	222	222	71	4.16604118808155	64.46	0.0355872	28.1	0.534490494158402
DP4	178	178	61	3.94675912671129	51.77	0.04063832	24.61	0.527942731393125
DP5	162	162	44	3.27378101936932	26.41	0.09143456	10.94	0.44602832729316
DP6	148	148	61	3.80207356994785	44.79	0.04176272	23.94	0.527373349562705
DP7	110	110	45	3.06022918026491	21.33	0.1338492	7.47	0.451270734711451
DP8	93	93	27	2.50730261284501	12.27	0.16727408	5.98	0.38342892186467
DP9	183	183	57	3.95327628127817	52.11	0.034916	28.64	0.526002417118985
DQ4	88	88	31	2.34498429991774	10.43	0.24986736	4	0.363032606948233
DQ6	60	60	23	2.08007999455746	8.01	0.30413048	3.29	0.352144662388685
DQ7	62	62	26	1.32744750105498	3.77	0.5393504	1.85	0.222943186931761
DQ8	92	92	31	2.71286096209823	15.07	0.13584784	7.36	0.415855782526812
DR1	42	42	14	1.76485290415373	5.84	0.23843816	4.19	0.327290247547087
DR9	36	36	11	0.889939407608941	2.43	0.6967156	1.44	0.172137779051082
DS1	58	58	10	1.79901006777522	6.04	0.28212088	3.54	0.307104114757552
DS10	107	107	36	3.21629044451505	24.94	0.08250552	12.12	0.477090587405224
DS11	46	46	13	2.17007351531262	8.76	0.15904248	6.29	0.392875744415787
DS12	43	43	18	2.11021047162483	8.25	0.19497	5.13	0.388888225513921
DS2	43	43	14	1.94235761470688	6.98	0.2066484	4.84	0.357954818371836
DS3	69	69	14	2.20847408961782	9.1	0.1595512	6.27	0.361539698374661
DS4	36	36	15	1.95688391282683	7.08	0.2206292	4.53	0.378513017554586
DS5	58	58	17	2.07427080387943	7.96	0.2034616	4.91	0.354093126216136
DS6	56	56	13	2.17143180228065	8.77	0.16053144	6.23	0.373910641148017
DS7	70	70	18	2.0127976373153	7.48	0.22241216	4.5	0.328390389504079
DS8	55	55	14	1.56207206204905	4.77	0.41408288	2.41	0.270191121025527
DS9	76	76	22	2.35429079986703	10.53	0.16748232	5.97	0.37681147785427
DT12	69	69	17	1.52115534207479	4.58	0.47209128	2.12	0.249021732308345
DT8	90	90	38	2.39046841010239	10.92	0.27968904	3.58	0.368225893998418
DV1	52	52	14	0.872156130632048	2.39	0.71179728	1.4	0.152998044669518
DV10	61	61	12	0.858196770746676	2.36	0.70665536	1.42	0.14470321680092
DV11	68	68	9	1.21345546319691	3.37	0.53944056	1.85	0.199336816477005
DV12	76	76	16	1.46513883869205	4.33	0.47976872	2.08	0.234499973877662
DV2	38	38	11	0.717148233955659	2.05	0.75248912	1.33	0.136653608899617
DV3	31	31	7	0.478225726776428	1.61	0.82423584	1.21	0.0965294261298829
DV4	24	24	6	0.383245195384935	1.47	0.86724304	1.15	0.083587421996288
DV5	36	36	12	0.618435567531485	1.86	0.78566544	1.27	0.119621767696621
DV6	32	32	7	0.568408902434858	1.77	0.79296752	1.26	0.113681780486972
DV7	50	50	11	0.835169682028038	2.31	0.70770264	1.41	0.147978554723127
DV8	53	53	7	0.577230946450764	1.78	0.80517024	1.24	0.100774958561254
DV9	57	57	7	0.659016675919486	1.93	0.77263704	1.29	0.112982873724537
